0.0109237759624
0.409244269284
0.0112285945653
0.0112676095611
0.0125387436734
0.0130173357005
0.0138080874064
0.0141545346325
0.0135831538504
0.01540619041
0.0140947920709
0.0162932447403
0.0163541685729
0.0185071300949
0.0121445640972
0.014947338875
0.0154410501728
0.000728736789747
0.000496887325413
0.000503536474354
0.000681745860453
0.0
0.0
0.000517836261551
0.000328295828885
0.000422508143167
0.000422299476857
0.000515457383862
0.000534473029457
0.000602902960152
0.000763121557096
0.000239919316155
0.0
0.000647777736323
0.000607886181713
0.000454939636382
0.000318174557824
0.00126243205587
0.00237796341214
0.0
0.0
0.0
0.0
0.00102417874923
0.00171283500714
0.00132032542874
0.0
0.000521841660162
0.000668554278968
0.000895927256377
0.000507889877079
0.000486744403252
0.0
0.000502046376953
0.000925959891902
6.63638487571e-05
0.0
0.0
0.0
0.0
0.0
0.0
0.0
0.000631566087751
0.000232098740986
0.0
0.000380465274182
0.00051165199892
0.0
0.000820648475419
0.00189657023489
0.0
0.0
0.00206919980539
0.0
0.00245934174706
0.0
0.0
0.00161677643056
0.0
0.0
0.0
0.00163366331338
0.00180104614008
0.0
0.00154976076205
0.0
0.0
0.0
0.0
0.00185242549909
0.000341386974064
0.000387529304869
0.000329168159918
0.000239477192316
0.000255469353149
0.000181465799459
0.000239332970852
0.000326731041886
0.000444872733969
5.43900006774e-05
0.00044434358394
0.0002943031343
0.000403089887954
0.00010366571126
0.000402621158544
0.0
0.0
0.0
0.0
8.27940469275e-05